sec	time

1	1327.842888817785

1	1327.8442776982533

1	1327.845666578723

1	1327.8470554596586

1	1327.8484443401271

1	1327.8498332210615

1	1327.8512221015312

1	1327.852610982466

1	1330.342874065214

1	1330.34426294478

1	1330.3456518248117

1	1330.3470407048449

1	1330.3484295848777

1	1330.3498184644436

1	1330.3512073444754

1	1330.3525962245085

1	1332.8428547174974

1	1332.8442435938045

1	1332.8456324701115

1	1332.8470213464184

1	1332.8484102231912

1	1332.8497990994983

1	1332.8511879758053

1	1332.8525768521117

1	1335.3428201078063

1	1335.3442089749403

1	1335.34559784161

1	1335.3469867087447

1	1335.3483755758791

1	1335.3497644430145

1	1335.3511533096832

1	1335.352542176818

1	1337.8427815309306

1	1337.8441703979615

1	1337.8455592649925

1	1337.8469481320237

1	1337.8483369995206

1	1337.8497258665516

1	1337.8511147335835

1	1337.8525036006145

1	1339.6594131856323

1	1339.6608020398676

1	1339.6621908941024

1	1339.6635797483377

1	1339.664968602574

1	1342.185733314162

1	1342.1871221637416

1	1342.1885110133196

1	1342.1898998628976

1	1342.1912887120116

1	1342.1926775615912

1	1342.1940664111698

1	1342.195455260748

1	1342.1968441103268

1	1344.6856600832016

1	1344.6870489301166

1	1344.6884377765662

1	1344.6898266234814

1	1344.691215469931

1	1344.6926043168455

1	1344.69399316376

1	1344.6953820102096

1	1344.6967708571256

1	1347.1855813010989

1	1347.186970144773

1	1347.1883589884478

1	1347.189747831656

1	1347.1911366753293

1	1347.1925255185388

1	1347.193914362213

1	1347.1953032058864

1	1347.196692049095

1	1349.6854967273048

1	1349.686885567684

1	1349.6882744080635

1	1349.6896632484436

1	1349.6910520888237

1	1349.6924409292033

1	1349.693829769582

1	1349.695218609962

1	1349.696607450342

1	1352.185406783165

1	1352.1867956206625

1	1352.1881844576938

1	1352.189573295191

1	1352.1909621322216

1	1352.192350969718

1	1352.1937398067496

1	1352.1951286442468

1	1352.1965174812776

2	1354.1080351993612

2	1354.1094241368044

2	1354.1108130747118

2	1354.1122020126202

2	1354.1135909500633

2	1356.6345008467501

2	1356.6358897734824

2	1356.637278700214

2	1356.6386676269472

2	1356.6400565536803

2	1356.641445480879

2	1356.642834407611

2	1356.6442233343428

2	1359.1345641108298

2	1359.1359530324396

2	1359.1373419535835

2	1359.1387308751944

2	1359.140119796805

2	1359.1415087179491

2	1359.1428976395594

2	1359.144286560704

2	1361.634618434705

2	1361.6360073516587

2	1361.6373962686118

2	1361.638785185566

2	1361.6401741020545

2	1361.641563019008

2	1361.6429519359615

2	1361.644340852449

2	1364.1346651618105

2	1364.1360540750395

2	1364.1374429882683

2	1364.1388319014957

2	1364.140220814258

2	1364.141609727487

2	1364.1429986407159

2	1364.1443875539446

2	1366.6347074078878

2	1366.6360963201844

2	1366.637485232947

2	1366.638874145244

2	1366.6402630580071

2	1366.6416519707702

2	1366.643040883067

2	1366.6444297958294

2	1368.601405289042

2	1368.602794193888

2	1368.6041830987344

2	1368.6055720035806

2	1368.6069609084277

2	1371.127812049537

2	1371.1292009441388

2	1371.1305898382755

2	1371.1319787328773

2	1371.1333676274787

2	1371.1347565216154

2	1371.1361454162172

2	1371.1375343103539

2	1373.6278165678225

2	1373.6292054563698

2	1373.6305943449177

2	1373.6319832334666

2	1373.6333721220146

2	1373.6347610105634

2	1373.6361498995777

2	1373.6375387881267

2	1376.1278115321659

2	1376.1292004160575

2	1376.1305892994833

2	1376.1319781833756

2	1376.1333670672668

2	1376.1347559506933

2	1376.1361448345856

2	1376.1375337180114

2	1378.627798507657

2	1378.6291873873581

2	1378.6305762675245

2	1378.6319651472256

2	1378.6333540269268

2	1378.6347429070931

2	1378.6361317867934

2	1378.637520666494

2	1381.1277812037545

2	1381.1291700834558

2	1381.1305589631572

2	1381.1319478433231

2	1381.1333367230238

2	1381.1347256027243

2	1381.1361144828913

2	1381.1375033625925

3	1387.7527659591494

3	1387.754154847232

3	1387.7555437357807

3	1387.7569326243295

3	1387.7583215128775

3	1387.7597104014264

3	1387.7610992899752

3	1387.762488178523

3	1390.252760184679

3	1390.2541490676397

3	1390.2555379506

3	1390.2569268335608

3	1390.2583157165216

3	1390.2597045999482

3	1390.2610934829092

3	1390.2624823658691

3	1392.7527454932972

3	1392.754134372067

3	1392.7555232503707

3	1392.7569121291406

3	1392.7583010079104

3	1392.7596898866798

3	1392.7610787654496

3	1392.7624676442194

3	1395.252726423336

3	1395.2541153030372

3	1395.2555041822727

3	1395.256893061974

3	1395.2582819412098

3	1395.25967082091

3	1395.2610597006114

3	1395.2624485798472

3	1398.712410440247

3	1398.7137993055128

3	1398.7151881703128

3	1398.7165770351128

3	1398.7179658999128

3	1398.719354765178

3	1398.720743629978

3	1398.722132494778

3	1400.7123714256534

3	1400.7137602848654

3	1400.715149143612

3	1400.7165380028234

3	1400.7179268615698

3	1400.7193157203164

3	1400.7207045795287

3	1400.7220934382751

3	1402.712324726274

3	1402.713713580364

3	1402.7151024344537

3	1402.7164912885426

3	1402.7178801426326

3	1402.7192689967226

3	1402.7206578508114

3	1402.7220467049015

3	1404.7122714769246

3	1404.713660326823

3	1404.7150491762561

3	1404.716438026155

3	1404.7178268760538

3	1404.7192157259528

3	1404.720604575852

3	1404.7219934257512

4	1413.9412966651166

4	1413.9426855480774

4	1413.9440744315039

4	1413.9454633149303

4	1413.946852198357

4	1413.948241081318

4	1413.9496299647449

4	1413.9510188481715

4	1416.9412750329443

4	1416.9426639079898

4	1416.944052782569

4	1416.9454416571475

4	1416.946830532192

4	1416.948219406771

4	1416.9496082813498

4	1416.950997155929

4	1422.9411852524445

4	1422.9425741177092

4	1422.943962982975

4	1422.945351848241

4	1422.9467407139714

4	1422.948129579238

4	1422.9495184445043

4	1422.9509073102358

4	1424.5550500733452

4	1424.5564389404744

4	1424.5578278076023

4	1424.5592166747306

4	1427.5869305051165

4	1427.5883193587401

4	1427.5897082128308

4	1427.5910970664554

4	1427.5924859200798

4	1427.593874773704

4	1427.5952636273273

4	1430.5868451651077

4	1430.588234010349

4	1430.589622855592

4	1430.5910117008352

4	1430.5924005460765

4	1430.593789391319

4	1430.595178237027

4	1433.5867431120928

4	1433.58813195035

4	1433.5895207886074

4	1433.5909096264

4	1433.5922984646572

4	1433.5936873029145

4	1433.5950761411718

4	1436.5866281528524

4	1436.5880169878506

4	1436.5894058228478

4	1436.5907946578454

4	1436.592183492843

4	1436.5935723278408

4	1436.5949611628394

5	1441.0270658215204

5	1441.028454724039

5	1441.029843626557

5	1441.0312325293091

5	1441.0326214318284

5	1441.0340103343465

5	1441.0353992370979

5	1444.027087385885

5	1444.0284762811864

5	1444.0298651764874

5	1444.0312540717882

5	1444.0326429670897

5	1444.0340318623907

5	1444.0354207576916

5	1447.027093550868

5	1447.0284824389514

5	1447.0298713272675

5	1447.0312602153508

5	1447.0326491034343

5	1447.0340379917502

5	1447.0354268798335

5	1450.0270838014458

5	1450.0284726823104

5	1450.029861563176

5	1450.0312504440417

5	1450.0326393251407

5	1450.034028206006

5	1450.035417086871

5	1451.553468257841

5	1451.5548571477875

5	1451.5562460375013

5	1451.557634927446

5	1454.5895731444111

5	1454.5909620262087

5	1454.5923509080044

5	1454.5937397898012

5	1454.5951286715986

5	1454.596517553629

5	1454.5979064354256

5	1457.5895499805283

5	1457.5909388551077

5	1457.592327729686

5	1457.593716604265

5	1457.5951054788447

5	1457.5964943534236

5	1457.5978832280025

5	1460.5895116219099

5	1460.5909004895047

5	1460.5922893570987

5	1460.5936782246936

5	1460.595067092288

5	1460.5964559598815

5	1460.5978448274764

5	1463.589457398703

5	1463.5908462588473

5	1463.5922351192235

5	1463.5936239793662

5	1463.5950128395102

5	1463.5964016998873

5	1463.5977905600307

6	1468.38284207703

6	1468.3842309585943

6	1468.385619840624

6	1468.3870087221885

6	1468.3883976037523

6	1468.3897864853163

6	1468.3911753668808

6	1471.5078138528233

6	1471.5092027241433

6	1471.5105915954628

6	1471.511980466782

6	1471.513369338102

6	1471.5147582094214

6	1471.5161470802755

6	1474.6327629164696

6	1474.6341517775436

6	1474.6355406386192

6	1474.6369295001602

6	1474.6383183612343

6	1474.6397072223099

6	1474.6410960833853

6	1481.278455675099

6	1481.2798445291878

6	1481.2812333828128

6	1481.2826222369035

6	1481.2840110905267

6	1481.2853999446174

6	1481.2867887982422

6	1484.403365335913

6	1484.404754179759

6	1484.4061430236043

6	1484.4075318674495

6	1484.4089207112957

6	1484.4103095551409

6	1484.4116983989861

6	1487.5282531502312

6	1487.5296419842975

6	1487.5310308188295

6	1487.5324196528968

6	1487.5338084869638

6	1487.5351973210304

6	1487.5365861555624

7	1491.630620474674

7	1491.6320094048929

7	1491.6333983351126

7	1491.634787265332

7	1494.7987619709409

7	1494.8001508927787

7	1494.8015398150822

7	1494.8029287369197

7	1494.804317659223

7	1494.8057065810615

7	1494.807095502899

7	1497.923826553869

7	1497.9252154668593

7	1497.92660437985

7	1497.9279932928403

7	1497.9293822058305

7	1497.9307711192862

7	1497.9321600322762

7	1501.0488700921578

7	1501.0502589953683

7	1501.051647898114

7	1501.0530368013258

7	1501.0544257040715

7	1501.055814607282

7	1501.0572035100276

7	1504.7044498984137

7	1504.7058388034877

7	1504.7072277085606

7	1504.7086166131696

7	1507.8614223650056

7	1507.862811261232

7	1507.864200157924

7	1507.8655890546158

7	1507.8669779513086

7	1507.8683668480005

7	1507.869755744692

7	1510.9864295756051

7	1510.9878184634501

7	1510.9892073508283

7	1510.990596238207

7	1510.9919851255859

7	1510.9933740134304

7	1510.9947629008097

7	1514.1114154561003

7	1514.1128043337

7	1514.114193210835

7	1514.1155820884348

7	1514.1169709655685

7	1514.1183598427026

7	1514.1197487203033

8	1517.346775200645

8	1517.3481641047833

8	1517.3495530089226

8	1517.350941913061

8	1520.5079189838539

8	1520.50930788287

8	1520.51069678142

8	1520.512085680436

8	1520.5134745794528

8	1520.5148634780035

8	1520.5162523770186

8	1523.6329305607867

8	1523.6343194500241

8	1523.6357083392604

8	1523.6370972280315

8	1523.6384861172694

8	1523.6398750065073

8	1523.641263895744

8	1526.7579194003756

8	1526.7593082789028

8	1526.7606971574291

8	1526.7620860354905

8	1526.7634749140175

8	1526.764863792079

8	1526.7662526706063

8	1530.2634295977666

8	1530.264818470706

8	1530.2662073441106

8	1530.2675962175153

8	1536.5494536928086

8	1536.550842553175

8	1536.5522314135414

8	1536.5536202743733

8	1536.5550091347395

8	1536.5563979951057

8	1536.557786855472

8	1539.6743784111395

8	1539.6757672612612

8	1539.6771561113828

8	1539.6785449615045

8	1539.67993381116

8	1539.6813226612817

8	1539.682711511404

9	1543.2220584191934

9	1543.223447325672

9	1543.224836232151

9	1543.2262251386308

9	1546.3832168466943

9	1546.3846057541048

9	1546.3859946615153

9	1546.387383568925

9	1546.3887724763363

9	1546.3901613837472

9	1546.391550291157

9	1549.5082492580823

9	1549.5096381571116

9	1549.5110270561402

9	1549.512415955168

9	1549.5138048541967

9	1549.5151937532253

9	1549.5165826522532

9	1552.6332611435382

9	1552.6346500323216

9	1552.6360389215706

9	1552.6374278103547

9	1552.6388166991387

9	1552.6402055883877

9	1552.6415944771718

9	1556.7290665516691

9	1556.7304554302093

9	1556.7318443087488

9	1556.733233186822

9	1559.9040422890582

9	1559.905431164338

9	1559.9068200396187

9	1559.9082089153642

9	1559.909597790644

9	1559.910986665924

9	1559.9123755412031

9	1563.0290028687098

9	1563.0303917356077

9	1563.0317806029707

9	1563.0331694698677

9	1563.0345583367657

9	1563.0359472041293

9	1563.0373360710266

9	1566.1539429652628

9	1566.1553318219155

9	1566.156720679034

9	1566.1581095356873

9	1566.1594983928064

9	1566.1608872494598

9	1566.162276106579

10	1569.4372906703159

10	1569.4386795721148

10	1569.4400684739137

10	1569.4414573757138

10	1572.6123310067849

10	1572.6137199132413

10	1572.615108819232

10	1572.6164977252222

10	1572.6178866312123

10	1572.6192755376685

10	1572.6206644436593

10	1575.7373629849928

10	1575.7387518849293

10	1575.7401407844006

10	1575.741529684338

10	1575.7429185838087

10	1575.744307483745

10	1575.7456963832167

10	1578.8623784391555

10	1578.86376733071

10	1578.8651562217995

10	1578.866545113355

10	1578.8679340049093

10	1578.8693228964637

10	1578.8707117875535

10	1582.7679153321449

10	1582.769304201351

10	1582.7706930705574

10	1582.7720819397634

10	1585.9248272000734

10	1585.9262160753335

10	1585.9276049501275

10	1585.928993825388

10	1585.930382700183

10	1585.931771575443

10	1585.933160450237

10	1589.049789897116

10	1589.051178766323

10	1589.0525676355298

10	1589.0539565047359

10	1589.0553453734767

10	1589.056734242682

10	1589.0581231118874

10	1592.1747371318204

10	1592.176125993111

10	1592.1775148544014

10	1592.1789037156911

10	1592.180292577447

10	1592.1816814387369

10	1592.1830703000276

11	1596.777523598008

11	1596.7789125077272

11	1596.780301416981

11	1596.7816903266992

11	1599.945633522688

11	1599.9470224356658

11	1599.9484113486449

11	1599.9498002611583

11	1599.9511891741367

11	1599.9525780871152

11	1599.9539670000934

11	1603.070682887908

11	1603.0720717962306

11	1603.073460704553

11	1603.0748496128742

11	1603.0762385211954

11	1603.0776274295172

11	1603.0790163378394

11	1606.19571992656

11	1606.1971088288276

11	1606.19849773063

11	1606.1998866328984

11	1606.2012755351664

11	1606.2026644374353

11	1606.2040533392385

11	1610.7818467321924

11	1610.7832356097804

11	1610.784624486903

11	1610.7860133640254

11	1613.9457154240197

11	1613.9471043044016

11	1613.9484931852496

11	1613.9498820656315

11	1613.951270946014

11	1613.9526598268615

11	1613.9540487072438

11	1617.0706923074551

11	1617.0720811836457

11	1617.0734700598366

11	1617.074858936028

11	1617.07624781222

11	1617.0776366884108

11	1617.0790255646014

11	1620.195657408686

11	1620.197046279289

11	1620.198435149426

11	1620.1998240200294

11	1620.2012128901677

11	1620.202601760305

11	1620.2039906309083

12	1624.9547619167288

12	1624.9561508245847

12	1624.9575397324415

12	1624.9589286402984

12	1628.1117518437482

12	1628.1131407525354

12	1628.1145296617879

12	1628.1159185710412

12	1628.1173074798285

12	1628.118696389081

12	1628.1200852983343

12	1631.2367935596324

12	1631.2381824651602

12	1631.2395713706878

12	1631.240960276215

12	1631.242349181743

12	1631.243738086806

12	1631.245126992333

12	1634.3618254826274

12	1634.3632143834984

12	1634.3646032839033

12	1634.3659921847748

12	1634.367381085181

12	1634.3687699855864

12	1634.370158886457

12	1637.4868454576545

12	1637.4882343520067

12	1637.4896232463584

12	1637.4910121407106

12	1637.4924010350624

12	1637.4937899294146

12	1637.4951788242313

12	1640.0382292402633

12	1640.039618118782

12	1640.041006997767

12	1640.0423958762858

12	1643.195152741016

12	1643.1965416200005

12	1643.1979304989864

12	1643.1993193779713

12	1643.2007082569557

12	1643.2020971364066

12	1643.2034860153917

12	1646.3201263924516

12	1646.3215152677121

12	1646.3229041429718

12	1646.3242930177653

12	1646.3256818930254

12	1646.3270707678194

12	1646.3284596430785

12	1649.445089919926

12	1649.446478790529

12	1649.447867660666

12	1649.4492565308037

12	1649.450645400941

12	1649.4520342710787

12	1649.4534231412163

13	1653.920583418015

13	1653.9219723421677

13	1653.92336126632

13	1653.924750190473

13	1657.3414915641235

13	1657.3428804817574

13	1657.3442693993904

13	1657.345658317024

13	1657.3470472346582

13	1657.3484361522912

13	1657.34982507039

13	1660.7165564387249

13	1660.7179453521674

13	1660.7193342651437

13	1660.7207231785858

13	1660.7221120920292

13	1660.7235010054726

13	1660.724889918449

13	1664.0916100042662

13	1664.0929989130525

13	1664.0943878218384

13	1664.0957767301581

13	1664.0971656389436

13	1664.0985545477297

13	1664.0999434560501

13	1668.624992858642

13	1668.6263817474044

13	1668.6277706361664

13	1668.629159524929

13	1672.0499865267327

13	1672.05137541177

13	1672.052764296341

13	1672.0541531809129

13	1672.055542065484

13	1672.056930950055

13	1672.0583198346274

13	1675.424970700353

13	1675.4263595802674

13	1675.4277484601823

13	1675.4291373400981

13	1675.4305262200126

13	1675.431915099927

13	1675.4333039798419

13	1678.799943180293

13	1678.8013320555517

13	1678.8027209308095

13	1678.8041098060671

13	1678.805498681326

13	1678.8068875565848

13	1678.8082764318426

13	1682.1749052950875

13	1682.1762941642926

13	1682.1776830334968

13	1682.1790719027015

13	1682.1804607719057

13	1682.1818496411104

13	1682.183238510316

14	1683.3502931117491

14	1683.3516819779265

14	1683.3530708442204

14	1683.3544597105147

14	1687.9002183049956

14	1687.9016071710566

14	1687.902996037118

14	1687.9043849031796

14	1687.905773769358

14	1687.9071626354194

14	1687.9085515014804

14	1692.400144063483

14	1692.4015329295444

14	1692.402921795489

14	1692.4043106615509

14	1692.4056995274966

14	1692.4070883935574

14	1692.408477259502

14	1697.3403383171544

14	1697.341727173321

14	1697.3431160296036

14	1697.3445048857702

14	1701.6291258145955

14	1701.6305146708787

14	1701.6319035272782

14	1701.6332923835603

14	1701.6346812398424

14	1701.6360700962414

14	1701.6374589525249

14	1705.8790264762292

14	1705.8804153328613

14	1705.8818041894924

14	1705.8831930461247

14	1705.8845819027574

14	1705.8859707592728

14	1705.8873596159042

15	1711.3570434696858

15	1711.358432317457

15	1711.3598211652284

15	1711.361210013001

15	1715.645819281479

15	1715.6472081371671

15	1715.6485969926227

15	1715.649985848311

15	1715.6513747037664

15	1715.6527635594546

15	1715.65415241491

15	1719.8957255183825

15	1719.897114379193

15	1719.8985032400035

15	1719.8998921008142

15	1719.9012809616247

15	1719.9026698224352

15	1719.904058683246

15	1724.9331289795634

15	1724.9345178408396

15	1724.935906702348

15	1724.9372955638562

15	1729.2288926980768

15	1729.2302815682006

15	1729.2316704380914

15	1729.2330593082145

15	1729.234448178105

15	1729.2358370482286

15	1729.2372259183524

15	1733.4788439404656

15	1733.4802328161775

15	1733.4816216921213

15	1733.483010567833

15	1733.4843994435446

15	1733.4857883194893

15	1733.487177195201

16	1738.6513568761015

16	1738.6527457801972

16	1738.6541346842928

16	1738.655523588855

16	1744.5277739225046

16	1744.5291628130967

16	1744.530551703689

16	1744.531940594281

16	1744.5333294848733

16	1744.534718375

16	1744.536107265592

16	1751.6555497993268

16	1751.6569386815372

16	1751.6583275637472

16	1751.6597164459567

16	1757.5277012674455

16	1757.5290901342892

16	1757.5304790011323

16	1757.531867867976

16	1757.5332567348196

16	1757.534645601197

16	1757.5360344680407

17	1764.6840285513526

17	1764.6854175025028

17	1764.6868064531873

17	1764.6881954043374

17	1768.5911143528224

17	1768.5925032844148

17	1768.5938922160074

17	1768.5952811480654

17	1768.596670079658

17	1768.598059011251

17	1768.5994479433098

17	1772.4662193523895

17	1772.4676082737374

17	1772.4689971955518

17	1772.4703861169003

17	1772.4717750387138

17	1772.4731639605275

17	1772.4745528818753

17	1777.7288356392469

17	1777.730224560129

17	1777.7316134805455

17	1777.7330024014277

17	1777.7343913218442

17	1781.7788955131466

17	1781.7802844149373

17	1781.7816733167274

17	1781.7830622185174

17	1781.7844511203077

17	1781.7858400225634

17	1781.7872289243537

17	1785.778916658824

17	1785.7803055494385

17	1785.781694440519

17	1785.7830833315998

17	1785.784472222214

17	1785.7858611132945

17	1785.787250004375

18	1790.6566169255188

18	1790.6580058180134

18	1790.659394710974

18	1790.6607836034673

18	1794.9454833354403

18	1794.946872209774

18	1794.9482610836412

18	1794.949649957974

18	1794.9510388318408

18	1794.9524277061741

18	1794.9538165800427

18	1799.1954205057204

18	1799.1968093684122

18	1799.1981982315697

18	1799.1995870947267

18	1799.2009759574184

18	1799.202364820576

18	1799.2037536837333

18	1803.4481187610631

18	1803.4495076246862

18	1803.4508964878432

18	1803.4522853510007

18	1807.9868869328056

18	1807.9882757768712

18	1807.9896646214024

18	1807.9910534654678

18	1807.9924423099988

18	1807.993831154064

18	1807.9952199981294

18	1812.4867236590635

18	1812.4881124924186

18	1812.489501325308

18	1812.4908901586632

18	1812.4922789920183

18	1812.4936678249078

18	1812.495056658263

19	1816.082886319065

19	1816.084275249746

19	1816.085664180427

19	1816.0870531111082

19	1816.0884420417901

19	1821.132995019398

19	1821.134383929125

19	1821.1357728388516

19	1821.137161748577

19	1821.1385506583035

19	1821.1399395680305

19	1821.1413284777568

19	1826.1330415596476

19	1826.1344304535417

19	1826.1358193474348

19	1826.1372082413286

19	1826.1385971352224

19	1826.1399860291165

19	1826.141374923011

19	1828.964994078467

19	1828.9663829793458

19	1828.9677718802247

19	1828.9691607811042

19	1828.970549681983

19	1834.2580470600872

19	1834.2594359386148

19	1834.2608248171427

19	1834.262213695669

19	1834.2636025741963

19	1834.2649914522576

19	1834.2663803307846

19	1839.5079766117901

19	1839.509365474019

19	1839.5107543357817

19	1839.5121431980112

19	1839.5135320597751

19	1839.5149209220035

19	1839.5163097837667

20	1842.503590669546

20	1842.5049796044223

20	1842.5063685392984

20	1842.5077574741754

20	1847.924567896179

20	1847.9259568133607

20	1847.927345730542

20	1847.9287346472565

20	1847.9301235644384

20	1847.9315124816203

20	1847.932901398335

20	1853.2996440637212

20	1853.3010329632077

20	1853.3024218626938

20	1853.3038107621796

20	1853.3051996616655

20	1853.3065885611516

20	1853.307977460638

20	1856.3954951694404

20	1856.3968840717203

20	1856.398272974

20	1856.3996618762808

20	1856.4010507785606

20	1861.9455106703458

20	1861.9468995544655

20	1861.948288438119

20	1861.9496773217725

20	1861.9510662054258

20	1861.952455089545

20	1861.9538439731991

20	1867.4454556918677

20	1867.4468445573605

20	1867.4482334228537

20	1867.4496222883465

20	1867.451011154305

20	1867.4524000197976

20	1867.4537888852901

21	1870.4338233156932

21	1870.4352122612645

21	1870.4366012068363

21	1870.437990151942

21	1876.7159974905685

21	1876.7173864221693

21	1876.7187753542362

21	1876.7201642858377

21	1876.7215532174391

21	1876.7229421490406

21	1876.724331080642

21	1882.9661472190555

21	1882.9675361287707

21	1882.968925038951

21	1882.9703139486655

21	1882.971702858381

21	1882.9730917685627

21	1882.9744806782778

21	1884.9245072365873

21	1884.9258961490882

21	1884.9272850615894

21	1884.9286739745553

21	1891.4662569185246

21	1891.4676458161236

21	1891.469034714189

21	1891.4704236122554

21	1891.4718125098552

21	1891.473201407921

21	1891.4745903055207

22	1899.3062811795771

22	1899.307670084638

22	1899.3090589896985

22	1899.31044789476

22	1905.966060398073

22	1905.967449291493

22	1905.9688381844473

22	1905.9702270774008

22	1905.9716159708207

22	1905.973004863775

22	1905.9743937567293

22	1913.5729607490096

22	1913.5743496200778

22	1913.5757384906794

22	1913.5771273617472

22	1920.3617513574952

22	1920.3631402192498

22	1920.3645290810048

22	1920.3659179422946

22	1920.3673068040496

22	1920.368695665804

22	1920.3700845270926

23	1928.1031851869523

23	1928.1045741092337

23	1928.1059630312814

23	1928.107351953562

23	1936.1519934352968

23	1936.1533823547836

23	1936.1547712740373

23	1936.156160193291

23	1936.1575491127778

23	1936.1589380320322

23	1936.1603269515197

23	1941.835425765693

23	1941.8368146651562

23	1941.8382035648528

23	1941.8395924645495

23	1949.8813284107168

23	1949.882717308318

23	1949.8841062059194

23	1949.8854951035198

23	1949.8868840011205

23	1949.8882728982553

23	1949.889661795856

24	1955.791452678411

24	1955.7928415942729

24	1955.7942305101349

24	1955.7956194258795

24	1969.2681061930389

24	1969.2694951013339

24	1969.2708840096286

24	1969.2722729178065

24	1977.0668156256022

24	1977.0682045320339

24	1977.069593438582

24	1977.0709823450136

24	1977.072371251445

24	1977.0737601579924

24	1977.0751490644232

25	1983.6293909126618

25	1983.6307798069727

25	1983.6321687015152

25	1983.6335575958249

25	1989.1710854708501

25	1989.1724743670236

25	1989.1738632629638

25	1989.1752521591363

25	1989.176641055076

25	1989.178029951249

25	1989.1794188471897

25	1996.9141714732689

25	1996.9155603568686

25	1996.9169492404687

25	1996.9183381240684

25	2003.2127652920283

25	2003.2141541772578

25	2003.2155430622543

25	2003.2169319472516

25	2003.2183208324811

25	2003.2197097174778

25	2003.221098602475

26	2010.266622514448

26	2010.268011414344

26	2010.269400314239

26	2010.2707892141339

26	2016.29861452961

26	2016.3000034271768

26	2016.3013923252092

26	2016.3027812232417

26	2016.3041701208076

26	2016.30555901884

26	2016.306947916873

26	2023.1139167549131

26	2023.115305631069

26	2023.116694507225

26	2023.1180833829162

26	2029.1527505276931

26	2029.1541394019864

26	2029.1555282762806

26	2029.1569171510396

26	2029.1583060253329

26	2029.159694899627

26	2029.1610837739204

27	2036.2789795471053

27	2036.280368430236

27	2036.2817573133657

27	2036.2831461964956

27	2042.3206081843964

27	2042.3219970605414

27	2042.3233859366865

27	2042.3247748128315

27	2042.326163689442

27	2042.3275525655877

27	2042.3289414417327

27	2049.153853722927

27	2049.15524257672

27	2049.1566314305132

27	2049.158020284307

27	2054.9453626364693

27	2054.9467514837434

27	2054.948140331483

27	2054.949529179223

27	2054.9509180264977

27	2054.9523068742374

27	2054.9536957215114

28	2061.8507353115447

28	2061.8521242519764

28	2061.853513192408

28	2061.854902132374

28	2068.0078602447115

28	2068.0092491683786

28	2068.0106380920465

28	2068.0120270157136

28	2068.013415939381

28	2068.014804863049

28	2068.016193786717

28	2075.1566325250337

28	2075.158021435663

28	2075.159410345827

28	2075.1607992564564

28	2081.1955699324476

28	2081.1969588263128

28	2081.1983477201784

28	2081.199736614044

28	2081.201125507909

28	2081.2025144013082

28	2081.203903295174

29	2088.239713692597

29	2088.2411026255827

29	2088.2424915581037

29	2088.243880490625

29	2094.9037367510177

29	2094.9051256593234

29	2094.9065145680956

29	2094.907903476869

29	2094.9092923851763

29	2094.9106812939485

29	2094.912070202254

29	2102.32743170806

29	2102.328820606122

29	2102.3302095037184

29	2102.3315984013147

29	2108.4871378780163

29	2108.4885267555896

29	2108.4899156331626

29	2108.49130451027

29	2108.492693387842

29	2108.4940822654144

29	2108.4954711425216

30	2115.885719388912

30	2115.887108292548

30	2115.8884971961843

30	2115.8898860998206

30	2122.549601846924

30	2122.550990724949

30	2122.552379602508

30	2122.5537684805327

30	2122.5551573585576

30	2122.5565462365826

30	2122.557935114607

30	2130.2092358009877

30	2130.210624671562

30	2130.2120135421364

30	2130.213402412711

30	2136.7576871056913

30	2136.75907595112

30	2136.760464796548

30	2136.7618536419777

30	2136.7632424878725

30	2136.764631333301

30	2136.7660201787294

31	2144.5146899271426

31	2144.5160788242642

31	2144.5174677218506

31	2144.518856618972

31	2150.9243801317775

31	2150.9257690032878

31	2150.927157874798

31	2150.9285467458426

31	2150.929935617352

31	2150.931324488862

31	2150.9327133603715

31	2158.861739586891

31	2158.8631284523567

31	2158.8645173178224

31	2158.8659061828225

31	2165.403222569565

31	2165.404611408955

31	2165.406000248344

31	2165.4073890877326

31	2165.4087779266556

31	2165.410166766045

31	2165.411555605435

32	2179.4850640688664

32	2179.486452955509

32	2179.487841842152

32	2179.4892307285622

32	2179.490619615204

32	2179.4920085018466

32	2179.493397388257

32	2186.943345224389

32	2186.9447341082373

32	2186.9461229920857

32	2186.9475118759347

32	2193.484943362381

32	2193.486332228069

32	2193.4877210935247

32	2193.489109959212

32	2193.4904988249

32	2193.4918876905886

32	2193.4932765560434

33	2201.7312564906365

33	2201.7326454184863

33	2201.7340343468018

33	2201.7354232751172

33	2207.777221454164

33	2207.7786103647845

33	2207.779999275405

33	2207.78138818649

33	2207.7827770971107

33	2207.784166007731

33	2207.7855549188166

33	2215.432845018952

33	2215.4342339235186

33	2215.4356228276197

33	2215.4370117321855

33	2221.464816429435

33	2221.4662053158404

33	2221.467594202712

33	2221.468983089118

33	2221.470371975523

33	2221.4717608619294

33	2221.473149748336

34	2228.7498602124956

34	2228.751249128244

34	2228.7526380435256

34	2228.7540269588085

34	2234.7985634123593

34	2234.7999523136646

34	2234.8013412149703

34	2234.8027301167417

34	2234.804119018047

34	2234.8055079193527

34	2234.806896820659

34	2241.98607030738

34	2241.987459195647

34	2241.9888480839154

34	2241.990236972182

34	2248.0277160892983

34	2248.0291049649923

34	2248.030493840687

34	2248.0318827159153

34	2248.0332715916093

34	2248.0346604668384

34	2248.0360493425324

35	2254.988314721188

35	2254.989703611336

35	2254.9910925019494

35	2254.9924813925627

35	2261.027214858701

35	2261.028603742786

35	2261.029992627338

35	2261.03138151189

35	2261.0327703959747

35	2261.034159280526

35	2261.0355481650777

35	2268.582690840415

35	2268.5840797142555

35	2268.585468588097

35	2268.5868574614724

35	2274.256219287465

35	2274.257608149198

35	2274.258997010932

35	2274.260385873131

35	2274.2617747348654

35	2274.2631635970656

35	2274.264552458799

36	2280.9037659327287

36	2280.90515481727

36	2280.9065437018116

36	2280.9079325863536

36	2286.8204336603894

36	2286.8218225435335

36	2286.823211426678

36	2286.8246003102877

36	2286.825989193432

36	2286.8273780765767

36	2286.828766959721

36	2293.7925658729546

36	2293.7939547272276

36	2293.7953435810355

36	2293.796732434843

36	2299.841045377773

36	2299.842434230649

36	2299.843823083992

36	2299.8452119373346

36	2299.846600790211

36	2299.847989643553

36	2299.849378496895

37	2307.239832547435

37	2307.2412214352385

37	2307.242610323508

37	2307.243999211312

37	2307.245388099581

37	2307.2467769873847

37	2307.248165875654

37	2307.2495547639237

37	2307.2509436517275

37	2307.2523325399966

37	2307.253721428266

37	2307.2551103165356

37	2307.256499204339

37	2313.0287194942375

37	2313.0301083778504

37	2313.0314972614633

37	2313.0328861450757

37	2313.0342750286886

37	2313.0356639123015

37	2313.037052795914

37	2326.299333311897

37	2326.300722165242

37	2326.302111019052

37	2326.303499872396

37	2326.304888726206

37	2326.3062775800167

37	2326.307666433361

38	2333.855062383189

38	2333.8564512817056

38	2333.857840180222

38	2333.8592290787387

38	2340.0287133858837

38	2340.030102279743

38	2340.031491173603

38	2340.0328800674633

38	2340.0342689613235

38	2340.0356578551837

38	2340.037046749044

38	2347.2995306070966

38	2347.3009194748797

38	2347.3023083426624

38	2347.3036972104446

38	2353.8410913603157

38	2353.8424802229765

38	2353.843869085637

38	2353.8452579482973

38	2353.8466468109573

38	2353.848035673618

38	2353.849424536279

39	2361.771143473708

39	2361.7725323736063

39	2361.773921273505

39	2361.775310173403

39	2368.319787707563

39	2368.3211765995447

39	2368.3225654910607

39	2368.3239543825766

39	2368.325343274093

39	2368.32673216561

39	2368.328121057591

39	2375.86143819033

39	2375.862827064617

39	2375.8642159384385

39	2375.865604812259

39	2382.7779966257544

39	2382.7793854883994

39	2382.7807743510452

39	2382.7821632136897

39	2382.783552076335

39	2382.7849409389805

39	2382.7863298020916

40	2390.650171575226

40	2390.6515604583615

40	2390.6529493412645

40	2390.6543382244

40	2397.566814063482

40	2397.5682029477816

40	2397.5695918318484

40	2397.5709807161484

40	2397.572369600215

40	2397.573758484514

40	2397.5751473688147

40	2405.3264985455785

40	2405.327887416374

40	2405.3292762871693

40	2405.330665157965

40	2412.108361131059

40	2412.1097500034844

40	2412.1111388759095

40	2412.1125277483357

40	2412.113916620761

40	2412.115305493186

40	2412.116694365612

41	2419.9858990164253

41	2419.987287878208

41	2419.988676740107

41	2419.990065602007

41	2426.274675288319

41	2426.2760641530126

41	2426.2774530178226

41	2426.278841882516

41	2426.2802307473253

41	2426.281619612019

41	2426.2830084768298

41	2433.714816628857

41	2433.7162054817927

41	2433.717594334844

41	2433.7189831878954

41	2440.128549413293

41	2440.129938269489

41	2440.131327125801

41	2440.1327159821117

41	2440.1341048384224

41	2440.135493694735

41	2440.1368825510467

42	2447.691292282139

42	2447.692681166654

42	2447.69407005117

42	2447.6954589361517

42	2453.9870508147537

42	2453.988439681109

42	2453.9898285469985

42	2453.991217412888

42	2453.9926062787777

42	2453.993995144668

42	2453.995384010558

42	2461.239691307694

42	2461.2410801600804

42	2461.2424690129315

42	2461.2438578657825

42	2467.153380052498

42	2467.1547688885853

42	2467.1561577246725

42	2467.157546560294

42	2467.1589353963814

42	2467.1603242324695

42	2467.1617130680906

43	2474.1622494714015

43	2474.163638499435

43	2474.1650275274965

43	2474.1664165555585

43	2478.2112647129165

43	2478.2126537374575

43	2478.214042762056

43	2478.215431786654

43	2478.216820811194

43	2478.218209835793

43	2478.219598860333

43	2482.2116476587794

43	2482.2130366777906

43	2482.214425696801

43	2482.2158147159284

43	2482.2172037349387

43	2482.218592753949

43	2482.2199817729606

43	2487.1773806535

43	2487.178769676702

43	2487.180158699903

43	2487.1815477231053

43	2492.962647976234

43	2492.964036990705

43	2492.9654260049433

43	2492.9668150191806

43	2492.9682040336515

43	2492.969593047889

43	2492.970982062127

44	2500.1855056513427

44	2500.1868946634854

44	2500.188283675861

44	2500.1896726880036

44	2504.109454789766

44	2504.110843793527

44	2504.1122327972876

44	2504.1136218010483

44	2504.115010804808

44	2504.116399808336

44	2504.117788812096

44	2507.984762600185

44	2507.986151594632

44	2507.987540589312

44	2507.9889295839916

44	2507.990318578439

44	2507.9917075731187

44	2507.9930965675658

44	2513.200418553852

44	2513.2018075485316

44	2513.203196543445

44	2513.204585538357

44	2516.9854160518485

44	2516.9868050360515

44	2516.98819402072

44	2516.989583005389

44	2516.9909719900566

44	2516.9923609742586

44	2516.9937499589273

44	2520.7356605099426

44	2520.7370494839

44	2520.7384384583243

44	2520.7398274327484

44	2520.741216406707

44	2520.742605381131

44	2520.7439943550894

45	2525.499169486009

45	2525.5005584832456

45	2525.501947480715

45	2525.503336478184

45	2531.7913924412437

45	2531.792781457572

45	2531.7941704741324

45	2531.7955594906934

45	2531.7969485072545

45	2531.798337523816

45	2531.799726540377

45	2539.1351187672335

45	2539.136507784726

45	2539.137896802218

45	2539.1392858198265

45	2544.7926153808894

45	2544.794004407694

45	2544.795393434616

45	2544.796782461538

45	2544.79817148846

45	2544.799560515381

45	2544.800949542303

46	2551.559919623875

46	2551.5613086399653

46	2551.562697656113

46	2551.56408667226

46	2558.1064097064514

46	2558.107798736482

46	2558.109187766505

46	2558.1105767965278

46	2558.111965826551

46	2558.1133548565745

46	2558.114743886597

46	2566.012741876932

46	2566.0141308997736

46	2566.0155199225574

46	2566.0169089454

46	2572.295308401763

46	2572.2966974269334

46	2572.298086452219

46	2572.2994754775063

46	2572.3008645026766

46	2572.302253527963

46	2572.303642553133

47	2579.80176588228

47	2579.8031548245735

47	2579.8045437668675

47	2579.805932708696

47	2586.340879761062

47	2586.3422686884546

47	2586.3436576158474

47	2586.3450465437045

47	2586.3464354710973

47	2586.34782439849

47	2586.349213326347

47	2593.878515711839

47	2593.87990461781

47	2593.881293524248

47	2593.8826824302205

47	2600.424417540876

47	2600.425806435206

47	2600.4271953300013

47	2600.428584224332

47	2600.429973118663

47	2600.4313620129924

47	2600.432750907323

48	2607.9337437075415

48	2607.935132627479

48	2607.936521547883

48	2607.9379104682853

48	2614.8408557410244

48	2614.842244656771

48	2614.8436335725182

48	2614.845022487799

48	2614.846411403545

48	2614.847800319293

48	2614.84918923504

48	2623.04509517623

48	2623.0464840658997

48	2623.047872955569

48	2623.049261845239

48	2629.4659275853237

48	2629.4673164670767

48	2629.4687053488296

48	2629.4700942305826

48	2629.471483112802

48	2629.472871994555

48	2629.474260876308

49	2637.472837975676

49	2637.474226863478

49	2637.475615750814

49	2637.4770046386147

49	2644.007556846364

49	2644.0089457285776

49	2644.010334610791

49	2644.011723493004

49	2644.0131123756823

49	2644.0145012578955

49	2644.015890140109

49	2651.4171751728427

49	2651.418564027116

49	2651.4199528809236

49	2651.421341735197

49	2657.8406353750006

49	2657.8420242269453

49	2657.843413078425

49	2657.844801929904

49	2657.8461907813835

49	2657.8475796333287

49	2657.848968484808

50	2665.270672293414

50	2665.272061229166

50	2665.2734501649174

50	2665.2748391006694

50	2672.4264667830125

50	2672.42785571597

50	2672.429244648927

50	2672.430633581884

50	2679.308589060181

50	2679.309977966596

50	2679.311366872545

50	2679.31275577896

50	2685.340614395398

50	2685.342003300882

50	2685.3433922063655

50	2685.344781111849

50	2685.3461700173325

50	2685.347558922816

50	2685.3489478282986

51	2692.947588728505

51	2692.9489776069804

51	2692.9503664854547

51	2692.9517553639294

51	2698.736440257045

51	2698.7378291350547

51	2698.739218012599

51	2698.7406068906084

51	2698.741995768617

51	2698.7433846466265

51	2698.744773524636

51	2705.6835718139428

51	2705.6849606654087

51	2705.68634951641

51	2705.687738367411

51	2711.590363103592

51	2711.5917519550585

51	2711.5931408065253

51	2711.594529657992

51	2711.5959185094594

51	2711.5973073609257

51	2711.598696211926

52	2718.6319879908997

52	2718.6333768814766

52	2718.634765772054

52	2718.63615466263

52	2724.4208925211647

52	2724.4222814150007

52	2724.423670308837

52	2724.4250592026724

52	2724.426448096509

52	2724.4278369903454

52	2724.429225884182

52	2731.444520302375

52	2731.4459091817757

52	2731.447298061176

52	2731.4486869405773

52	2737.233379162201

52	2737.234768045094

52	2737.2361569279874

52	2737.2375458108804

52	2737.238934693773

52	2737.2403235766665

52	2737.2417124595604

53	2743.9955496651505

53	2743.9969385654886

53	2743.9983274662936

53	2743.9997163666326

53	2750.027511651988

53	2750.028900543014

53	2750.0302894345054

53	2750.03167832553

53	2750.0330672170207

53	2750.034456108046

53	2750.0358449990717

53	2756.912232459106

53	2756.9136213361617

53	2756.9150102132166

53	2756.916399089806

53	2762.9440920781376

53	2762.94548094588

53	2762.946869813623

53	2762.948258681365

53	2762.9496475486417

53	2762.951036416384

53	2762.9524252841265

54	2769.899024160462

54	2769.900413085963

54	2769.9018020114645

54	2769.9031909369655

54	2776.0699577048827

54	2776.0713466112916

54	2776.0727355177

54	2776.0741244241094

54	2776.075513330519

54	2776.0769022369273

54	2776.0782911433366

54	2783.5311456168206

54	2783.532534510191

54	2783.5339234040275

54	2783.535312297398

54	2789.8408357430176

54	2789.842224619625

54	2789.843613496698

54	2789.8450023733044

54	2789.8463912499105

54	2789.8477801269837

54	2789.8491690035894

55	2797.1006553785955

55	2797.102044305041

55	2797.103433231954

55	2797.1048221584006

55	2803.5077086490346

55	2803.5090975540606

55	2803.510486458622

55	2803.511875363647

55	2803.513264268673

55	2803.5146531732335

55	2803.5160420782595

55	2810.8716626387804

55	2810.873051536355

55	2810.8744404339313

55	2810.875829331507

55	2817.5646809570208

55	2817.5660698294514

55	2817.567458701881

55	2817.5688475743104

55	2817.5702364467397

55	2817.571625319635

55	2817.5730141920653

55	2817.5744030644955

56	2825.2565739155652

56	2825.257962834081

56	2825.2593517521304

56	2825.2607406706456

56	2831.940001552266

56	2831.941390454018

56	2831.942779355769

56	2831.9441682575207

56	2838.7289327742674

56	2838.7303216695

56	2838.7317105647317

56	2838.7330994599643

56	2846.090013287884

56	2846.091402162161

56	2846.0927910369046

56	2846.094179911648

57	2853.3523773603843
57	2853.3537662567915
57	2853.355155153432
57	2853.3565440498396
57	2860.7898858138396
57	2860.79127469977
57	2860.7926635854674
57	2860.7940524711644
57	2867.4592973113804
57	2867.4606861896273
57	2867.4620750678732
57	2867.46346394612
58	2882.3234588425526
58	2882.3248477098377
58	2882.326236577123
58	2882.3276254444067
58	2896.2649723031814
58	2896.2663611758203
58	2896.267750048402
58	2896.2691389210418
59	2910.258438327621
59	2910.259827180775
59	2910.261216033958
59	2910.2626048871125
59	2916.952712140591
59	2916.954100997528
59	2916.9554898544657
59	2916.9568787113453
59	2923.556738788982
59	2923.558127646677
59	2923.55951650437
59	2923.5609053621233
59	2930.487138422271
59	2930.4885272839233
59	2930.4899161455755
59	2930.4913050071696
60	2936.903030246319
60	2936.9044191685743
60	2936.9058080903637
60	2936.907197012152
60	2943.9198831719987
60	2943.921272090062
60	2943.9226610076603
60	2943.9240499257244
60	2949.9824571728964
60	2949.983846065349
60	2949.9852349582675
60	2949.9866238507198
60	2956.4588789850905
60	2956.460267873352
60	2956.4616567620787
60	2956.4630456508066
61	2962.79817528891
61	2962.799564189728
61	2962.8009530905456
61	2962.8023419908977
61	2969.548235694821
61	2969.549624587722
61	2969.5510134810893
61	2969.552402373991
61	2975.4121011692746
61	2975.413490044014
61	2975.414878919221
61	2975.416267793962
61	2982.405092122811
61	2982.406480990567
61	2982.407869858789
61	2982.409258726545
62	2988.4393471071226
62	2988.440735993051
62	2988.442124879446
62	2988.443513765841
62	2995.096275226384
62	2995.097664104862
62	2995.0990529838054
62	2995.1004418622842
62	3001.1378621361955
62	3001.139250998841
62	3001.140639861953
62	3001.142028725065
62	3007.7488535283037
62	3007.7502423862934
62	3007.7516312442817
62	3007.75302010227
63	3014.3685200777977
63	3014.369908970245
63	3014.371297862692
63	3014.3726867551386
63	3021.4032511494484
63	3021.404640034445
63	3021.4060289194413
63	3021.4074178044366
63	3027.607360919586
63	3027.60874978223
63	3027.6101386448745
63	3027.611527507984
63	3034.3058355304775
63	3034.307224386137
63	3034.3086132422613
63	3034.3100020983866
64	3041.11456613305
64	3041.1159550320162
64	3041.1173439309814
64	3041.118732829482
64	3048.32985987505
64	3048.331248762374
64	3048.3326376492323
64	3048.334026536557
64	3055.2950901247123
64	3055.296478989684
64	3055.297867854191
64	3055.299256719163
64	3062.4338276376084
64	3062.435216492336
64	3062.436605347529
64	3062.437994202256
65	3068.7395442820584
65	3068.7409331805466
65	3068.7423220795017
65	3068.7437109779903
65	3076.183971695067
65	3076.1853605749293
65	3076.1867494543258
65	3076.188138334188
65	3083.6908350541153
65	3083.692223915351
65	3083.693612776121
65	3083.695001637356
65	3090.468436221432
65	3090.4698250696283
65	3090.471213917359
65	3090.472602765556
65	3090.4739916132885
66	3097.6736893137418
66	3097.6750782122317
66	3097.676467110256
66	3097.6778560087446
66	3105.104218535858
66	3105.1056074124604
66	3105.1069962895303
66	3105.1083851661347
66	3112.190252115202
66	3112.1916409838896
66	3112.1930298525776
66	3112.1944187212657
66	3119.249804157723
66	3119.251193006387
66	3119.2525818550507
66	3119.253970703715
66	3124.224651279729
66	3124.226040124668
66	3124.227428969607
66	3124.228817815012
66	3124.230206659951
66	3124.2315955048894
66	3124.2329843498287
66	3124.2343731947676
66	3124.2357620397065
66	3124.237150884646
66	3124.238539729584
66	3124.239928574522
66	3124.241317419461
66	3124.2427062643997
66	3124.244095109339
66	3124.277427388804
66	3124.278816233742
66	3124.280205078682
66	3124.28159392362
66	3124.282982768559
67	3126.6418960552032
67	3126.6432849532325
67	3126.6446738512604
67	3126.646062748823
67	3133.3293631893653
67	3133.3307520627136
67	3133.332140936062
67	3133.333529809876
67	3140.465380438854
67	3140.4667693094084
67	3140.468158179497
67	3140.469547049586
67	3147.9193566395265
67	3147.920745483538
67	3147.92213432755
67	3147.9235231715616
68	3154.607917425657
68	3154.6093063289195
68	3154.610695232065
68	3154.6120841352104
68	3161.9829592522633
68	3161.9843481419043
68	3161.9857370315453
68	3161.9871259211864
68	3168.482955928437
68	3168.4843448221527
68	3168.4857337158687
68	3168.4871226097007
68	3175.194055659001
68	3175.1954445388633
68	3175.19683341861
68	3175.198222298355
69	3182.3544426713675
69	3182.3558316103695
69	3182.3572205493724
69	3182.3586094879097
69	3188.399048404832
69	3188.4004373196203
69	3188.4018262348745
69	3188.4032151496626
69	3195.208864888416
69	3195.210253798547
69	3195.2116427086785
69	3195.2130316183443
69	3201.7297344718654
69	3201.7311233568516
69	3201.7325122413718
69	3201.7339011258914
70	3208.3546469893477
70	3208.356035867817
70	3208.3574247467523
70	3208.358813625222
70	3214.760092464741
70	3214.7614813180653
70	3214.7628701713893
70	3214.7642590247133
70	3221.340449826419
70	3221.341838676484
70	3221.3432275260825
70	3221.344616375681
70	3221.3460052257456
70	3227.655488571886
70	3227.6568773972704
70	3227.6582662226547
70	3227.6596550480394
71	3234.0326066870457
71	3234.0339956824246
71	3234.0353846778025
71	3234.0367736731805
71	3234.0381626685594
71	3234.0395516639373
71	3234.040940659316
71	3240.7067532217698
71	3240.7081422173815
71	3240.7095312127594
71	3240.710920208371
71	3247.221094525138
71	3247.222483503287
71	3247.2238724819017
71	3247.22526146005
71	3253.585401059201
71	3253.586790033625
71	3253.5881790075828
71	3253.5895679815417
